# Algorithm = Pegasos
# Lambda = 1
# Dimensionality = 119
# Epochs = 100
# Bias = -0.417831413041
1 -0.006131
2 0.003253
3 0.020747
4 0.039882
5 0.034317
6 0.026691
7 0.009005
8 0.014856
9 0.017425
10 0.019701
11 0.008610
12 0.000000
13 -0.000012
14 0.012672
15 0.021439
16 0.019667
17 0.023889
18 0.014399
19 0.005826
20 0.012837
21 0.002994
22 0.012353
23 0.014720
24 0.001544
25 0.017782
26 -0.001817
27 0.001312
28 -0.000219
29 0.011897
30 -0.000152
31 -0.000098
32 0.018377
33 -0.004988
34 -0.000303
35 -0.003270
36 0.012353
37 0.012837
38 0.019326
39 0.050821
40 0.058546
41 0.014670
42 0.016932
43 0.004827
44 -0.003149
45 -0.001259
46 0.001499
47 0.012681
48 -0.000743
49 -0.004737
50 0.012378
51 0.034114
52 0.020693
53 0.005256
54 0.002554
55 0.015700
56 0.001171
57 -0.005418
58 -0.001148
59 0.003788
60 0.000000
61 0.029240
62 -0.000969
63 0.031290
64 0.023732
65 -0.000950
66 0.009724
67 0.050319
68 0.019494
69 -0.003267
70 0.002285
71 0.023236
72 0.043538
73 0.048529
74 0.036990
75 0.055077
76 0.053786
77 0.038281
78 0.001293
79 0.017820
80 0.022536
81 0.022183
82 0.028235
83 0.043199
84 0.002277
85 0.001067
86 -0.002623
87 0.003377
88 0.000279
89 0.000000
90 0.002397
91 0.005496
92 0.001499
93 0.002630
94 -0.000058
95 0.001462
96 0.000000
97 -0.000012
98 0.003010
99 0.006871
100 0.002537
101 -0.000023
102 -0.000035
103 0.003142
104 0.001511
105 -0.000432
106 -0.000012
107 -0.001272
108 -0.000012
109 0.000401
110 0.002643
111 0.000000
112 0.001431
113 -0.000257
114 -0.000154
115 -0.000012
116 0.000000
117 -0.000023
118 0.002734
119 -0.000622
